73
24
15 18
173 45
270 37
228 22
273 25
56 18
21 25
155 37
291 5
300 14
51 17
261 37
264 6
38 3
21 43
88 6
59 44
2 5
176 38
157 25
77 36
254 16
58 19
16 8
45
16 22
184 19
91 18
77 21
140 16
144 16
180 30
153 23
176 30
14 18
37 27
179 41
114 46
4 37
289 9
55 1
181 40
115 45
41 32
94 30
282 40
273 27
112 21
299 48
6 2
90 7
170 45
287 47
241 49
204 39
41 43
231 37
195 8
190 39
235 47
113 36
218 15
77 5
211 13
15 36
86 18
256 43
71 41
237 2
231 24
80
270 16
169 32
290 36
79 38
148 10
36 11
277 20
140 1
30 36
18 41
298 20
200 42
190 24
188 34
71 5
138 7
123 1
229 19
219 2
35 11
67 12
128 7
188 45
47 37
179 11
161 30
182 10
128 12
199 3
269 45
42 18
10 28
111 40
274 5
244 2
94 2
77 37
52 44
186 17
180 11
159 7
240 7
98 12
111 50
83 14
265 21
184 46
286 49
210 44
23 26
266 20
163 7
35 36
5 37
10 31
283 28
222 38
208 4
290 3
15 12
97 47
195 47
251 30
273 27
139 49
14 18
109 30
146 24
88 25
62 16
33 8
263 43
267 29
271 43
187 48
29 47
264 38
261 36
103 39
74 41
76
87 8
36 44
190 30
47 7
238 24
70 47
104 4
249 46
293 35
159 47
233 24
241 26
100 26
258 6
227 33
258 3
242 49
272 22
169 3
170 18
160 40
88 44
260 6
235 42
241 16
229 29
231 29
29 5
23 48
61 42
183 3
261 21
10 39
256 30
250 21
283 19
63 12
72 4
106 1
274 8
97 34
219 5
72 41
56 16
231 20
42 19
133 1
238 24
234 32
19 31
17 1
292 13
71 11
100 30
67 12
221 27
274 23
188 8
85 41
138 3
58 30
128 32
179 11
31 19
256 8
295 46
49 48
50 20
48 25
293 19
221 36
274 33
52 27
239 23
103 13
149 27
84
275 8
131 7
79 41
295 21
237 45
174 37
16 49
269 28
285 14
83 33
56 46
248 36
214 14
19 49
230 30
241 34
225 12
243 1
13 40
128 42
203 50
170 37
291 23
80 46
219 27
173 46
138 20
190 9
201 35
40 22
84 47
34 2
50 46
10 10
211 23
9 19
136 30
30 21
15 18
102 39
269 46
206 18
92 16
156 49
3 33
121 15
173 26
93 37
128 17
281 7
236 48
150 12
165 30
196 30
286 50
111 43
269 3
60 10
111 36
52 19
110 29
196 47
24 48
202 25
88 31
187 4
171 6
92 6
215 48
213 34
283 4
155 42
39 36
11 25
128 11
259 40
232 26
218 43
141 20
105 38
2 49
249 29
27 7
206 40
9
119 24
10 24
293 44
178 35
269 5
34 5
284 45
261 23
186 36
93
5 4
204 1
9 26
177 6
191 14
273 37
200 19
225 7
106 31
217 2
153 41
44 31
225 2
143 11
198 10
38 34
76 41
206 14
92 14
117 47
164 15
198 11
201 21
101 1
6 3
16 26
258 10
38 31
70 30
242 45
236 47
167 2
219 12
93 2
154 35
292 3
296 32
79 33
12 30
201 3
195 36
171 26
272 35
34 7
87 46
7 4
253 29
32 29
244 21
182 17
31 29
114 5
62 32
222 12
70 21
86 44
38 43
116 2
164 25
49 42
122 9
270 13
225 1
245 29
123 21
266 26
298 14
178 10
269 17
129 7
221 36
2 43
170 20
265 6
263 2
281 14
66 42
157 49
252 17
159 13
227 21
226 38
202 18
281 29
202 19
208 21
23 35
79 32
24 7
223 48
55 34
69 20
155 38
37
106 5
267 30
252 15
104 30
291 35
156 27
107 44
70 38
286 47
7 30
300 8
99 48
102 1
54 37
156 47
29 44
3 50
139 43
85 41
128 13
147 47
236 42
246 1
180 39
281 31
108 47
232 35
266 6
207 3
252 11
295 47
22 50
274 27
250 10
100 13
132 41
59 12
66
5 12
77 39
53 44
41 6
193 41
298 38
152 3
176 36
12 26
234 2
128 16
257 31
192 6
17 23
92 14
34 16
154 19
29 35
70 12
238 44
14 40
185 28
251 10
77 44
214 2
268 7
102 38
225 49
257 40
128 8
24 27
142 30
268 29
81 7
237 3
297 42
253 31
113 34
241 32
164 26
198 22
194 50
57 20
290 2
58 20
61 14
276 34
255 41
70 6
279 1
54 46
255 1
157 12
208 17
255 12
249 26
202 24
150 43
260 24
269 3
255 5
97 39
229 9
173 50
86 26
4 23
43
258 24
284 4
50 14
279 20
29 22
22 29
279 47
130 20
246 25
72 46
241 1
202 49
174 34
77 5
203 36
153 27
56 23
184 18
215 27
223 41
291 41
113 45
220 41
87 28
87 27
139 5
159 7
18 6
239 16
58 24
8 35
300 11
44 31
165 43
44 15
200 6
30 2
4 42
251 15
114 6
247 42
63 18
290 14
46
228 29
194 12
179 17
68 40
145 42
104 17
292 32
300 5
219 2
30 28
261 20
279 50
65 39
59 29
219 23
6 25
10 33
214 32
299 47
126 24
229 38
244 37
118 41
246 6
254 46
203 36
92 31
211 26
110 45
24 5
106 5
174 19
224 15
300 37
66 21
65 49
54 2
213 29
251 27
206 34
131 18
118 37
288 5
76 17
296 17
125 17
42
297 36
49 14
214 45
148 7
35 24
92 7
53 44
292 35
166 33
40 46
14 44
260 7
36 10
36 22
181 23
256 30
50 1
260 44
274 18
300 2
247 15
49 50
51 7
207 36
235 41
188 42
204 25
286 40
204 4
70 14
155 5
261 34
30 37
165 1
28 28
10 46
255 10
271 1
96 30
220 5
122 18
276 4
85
261 44
157 47
32 40
136 10
200 7
85 20
202 15
147 11
95 20
21 25
90 4
245 45
243 46
87 9
250 19
3 35
72 27
191 17
98 5
157 50
63 40
117 44
26 44
30 20
82 9
269 29
73 36
136 3
187 37
65 23
32 11
46 17
223 40
204 4
259 10
16 4
299 22
284 4
93 3
143 29
63 19
44 23
24 30
149 35
100 36
45 22
277 15
232 34
24 23
218 47
194 39
3 32
63 48
216 26
298 10
27 10
169 12
193 32
247 7
101 8
253 25
175 39
233 18
128 43
239 8
237 22
276 40
24 7
223 40
190 37
297 36
278 28
284 29
57 39
211 27
274 28
2 25
92 39
253 37
189 32
262 21
23 40
62 8
273 48
283 28
68
280 13
181 25
62 9
201 49
261 10
264 21
58 19
215 49
65 22
178 43
94 1
276 5
63 4
4 8
4 28
247 48
242 22
127 1
177 5
293 23
85 43
261 24
69 29
131 22
7 2
86 17
11 11
129 12
82 22
117 14
294 11
66 40
190 32
238 11
219 39
204 1
187 28
143 43
38 46
86 7
281 29
141 49
231 45
62 2
99 30
94 16
240 27
28 22
51 45
195 45
195 17
270 14
260 19
35 50
85 20
39 11
288 30
54 37
147 19
228 41
290 4
36 39
180 11
58 39
27 42
197 37
49 28
2 2
93
36 1
62 26
42 21
141 37
178 10
65 49
286 2
280 1
43 35
186 18
265 19
130 36
12 9
262 30
51 45
154 15
272 36
237 3
40 13
232 37
135 50
207 20
4 31
126 8
95 2
148 10
124 47
272 23
28 39
11 13
203 28
162 29
78 17
187 20
175 20
33 2
114 40
128 20
125 42
160 37
261 2
275 14
284 41
218 2
180 38
88 14
89 42
256 28
47 24
281 37
260 3
228 13
251 10
188 13
7 8
291 45
55 45
51 7
211 45
48 15
194 23
172 47
82 22
147 22
268 22
47 38
140 46
300 15
29 32
164 6
234 26
300 48
119 9
25 5
18 12
119 35
205 49
191 48
116 6
113 14
163 27
11 1
131 2
91 27
197 43
191 22
107 32
118 38
240 24
253 43
212 12
165 20
61 9
34
175 15
213 43
253 12
267 43
200 47
45 10
173 50
248 1
104 23
120 5
77 44
280 6
171 9
195 48
110 42
86 48
39 50
240 49
67 35
244 45
184 48
23 10
285 45
58 15
106 30
115 30
136 16
211 1
143 18
289 42
54 13
234 16
72 29
83 23
27
27 17
263 3
123 3
298 16
76 14
196 42
198 13
86 49
286 15
133 15
79 14
144 26
17 40
223 32
17 10
268 7
159 39
55 47
248 9
72 4
136 45
272 6
41 10
24 5
146 26
116 38
237 44
25
252 33
297 24
209 10
108 42
214 7
5 33
284 10
264 1
190 39
277 37
270 6
245 50
179 17
111 17
36 12
176 48
261 29
127 29
227 39
120 24
271 21
33 43
178 50
260 12
225 40
97
194 45
233 32
148 6
298 42
67 11
124 9
27 50
179 33
221 19
14 10
83 23
92 7
13 15
296 13
13 39
67 35
202 50
94 8
30 15
296 16
155 20
147 30
113 5
75 6
137 15
92 37
222 31
255 39
270 42
11 47
182 13
186 14
74 47
131 17
68 21
197 37
244 8
102 10
68 30
88 34
261 30
122 31
62 13
114 5
26 21
11 35
199 33
289 46
173 20
74 40
244 45
161 32
13 44
242 14
136 5
282 16
207 17
277 45
177 15
297 34
213 2
108 19
202 16
82 13
214 26
14 27
123 29
45 23
135 48
212 45
14 33
66 37
295 7
188 29
132 31
73 8
191 30
155 16
274 40
165 32
89 30
45 36
51 15
45 31
74 43
153 15
148 36
6 24
258 32
14 15
77 15
132 45
264 48
58 40
220 37
125 2
99 29
73
148 43
262 5
29 37
182 19
65 17
120 35
56 2
219 24
87 1
274 9
267 44
109 34
179 5
28 31
127 33
105 46
152 11
5 30
281 31
293 8
283 19
251 7
122 29
180 35
172 26
258 23
113 11
42 49
95 12
176 37
263 47
194 19
44 33
292 4
83 48
69 11
96 4
102 36
187 47
123 10
134 14
196 41
145 40
235 40
5 19
158 45
88 9
80 22
248 12
155 5
55 38
95 25
241 33
65 22
176 31
185 2
265 14
253 19
17 32
47 4
295 34
285 14
255 11
213 34
134 12
232 32
289 5
37 39
220 17
57 16
286 40
103 42
21 10
20
37 41
105 9
236 2
40 3
262 17
230 28
235 50
95 21
285 20
158 36
40 43
269 23
243 35
236 32
228 49
250 44
231 9
18 28
61 10
185 4
53
115 31
92 19
278 36
95 17
70 2
137 5
275 45
269 31
206 27
111 33
111 13
127 28
91 49
223 25
177 41
2 49
127 16
100 18
4 33
202 13
199 7
100 29
8 12
55 36
228 28
107 7
237 39
200 5
225 21
171 17
65 29
90 32
263 32
294 45
81 33
39 47
232 23
151 40
203 35
149 22
69 43
166 1
187 11
31 19
186 34
211 42
72 50
140 6
188 23
299 45
28 6
246 44
172 16
66
75 50
45 34
68 50
69 12
186 23
102 50
19 1
206 45
73 35
107 18
92 40
105 10
266 24
4 38
11 17
120 14
98 28
286 28
162 9
236 8
187 6
43 34
37 42
171 18
151 47
213 41
215 3
300 30
156 1
104 28
101 38
249 33
86 39
62 42
288 50
293 29
32 6
79 12
281 42
175 22
225 15
73 24
104 12
20 44
75 21
124 29
45 12
71 22
6 22
76 49
128 12
167 27
103 41
225 14
192 17
213 20
187 48
255 49
57 46
248 22
95 12
4 23
143 13
266 25
204 7
140 6
37
6 32
212 42
114 49
141 36
206 43
100 32
211 15
246 31
37 13
277 18
78 19
248 25
81 16
54 21
233 14
230 40
271 24
187 14
134 5
296 7
283 16
229 33
182 29
77 37
249 9
24 5
167 46
175 41
66 38
67 50
10 50
235 47
135 21
63 45
148 10
7 22
152 39
8
34 18
99 42
57 26
273 14
19 41
255 44
8 30
30 1
63
25 40
168 27
61 39
126 35
287 22
37 23
65 10
171 29
157 20
227 2
93 2
25 6
261 48
43 24
17 8
30 7
285 33
198 8
126 4
250 19
153 48
250 36
45 20
88 34
240 3
207 6
21 39
68 47
218 19
120 39
155 25
272 23
44 29
182 28
192 22
279 8
117 38
260 27
49 8
61 48
60 45
20 14
196 15
59 19
195 30
46 9
26 3
187 12
186 12
235 13
199 36
122 3
142 14
175 32
128 39
177 32
199 33
265 16
281 4
207 30
199 42
224 38
268 19
97
154 30
225 39
75 23
52 15
279 22
262 28
259 33
45 25
94 40
110 32
220 22
94 16
30 8
19 43
13 22
243 28
3 28
96 13
6 25
164 48
278 21
152 40
21 33
81 19
135 32
299 9
20 16
148 8
137 28
300 25
291 41
15 49
110 19
69 19
255 39
98 39
57 42
167 13
144 42
188 47
136 32
31 26
279 30
202 20
43 34
263 6
144 46
26 43
85 16
67 7
25 28
269 14
112 23
156 43
83 8
232 36
229 44
71 35
139 46
22 30
173 48
211 3
260 40
268 8
29 6
82 9
197 9
132 2
185 48
263 45
29 33
183 43
155 42
164 49
222 31
171 16
168 14
109 22
17 13
170 8
110 42
95 1
299 38
14 31
211 46
150 40
168 6
195 4
282 10
14 34
241 31
297 18
264 18
234 47
182 18
24 49
53 20
99
52 7
8 39
252 47
84 32
149 19
85 29
97 24
183 50
82 11
296 32
29 17
122 2
282 38
30 46
276 25
267 5
186 46
260 23
255 8
27 18
157 19
273 42
249 26
251 5
219 41
218 41
48 7
253 5
262 47
300 40
127 45
263 2
239 37
148 33
264 29
296 20
281 45
71 39
122 4
260 7
267 30
285 3
215 40
42 30
219 7
113 8
8 13
55 41
296 34
139 44
75 23
79 10
102 25
284 37
169 41
262 23
120 41
147 6
184 32
209 17
228 4
145 39
96 34
180 15
100 3
49 29
150 21
227 42
274 36
172 24
154 23
275 46
79 21
7 44
9 36
63 40
235 35
169 5
105 8
120 34
65 28
77 36
293 1
163 45
214 6
107 12
166 14
41 41
201 8
206 35
259 45
143 33
174 2
223 47
59 7
182 21
209 43
35 34
260 33
56
174 39
273 40
96 9
279 7
253 4
243 27
283 35
3 30
84 2
99 10
70 24
241 32
50 33
224 42
157 20
117 5
49 15
269 24
142 42
181 16
272 21
254 43
34 43
130 20
267 38
175 6
68 20
226 20
13 25
66 29
268 31
198 3
270 28
158 19
115 7
205 15
161 27
40 33
113 28
9 14
95 31
114 27
297 7
277 2
187 7
178 26
223 13
169 33
241 5
4 10
63 35
140 38
66 30
116 30
46 21
256 24
2
69 50
2 18
92
10 49
19 31
148 40
260 3
133 34
42 23
254 18
43 16
26 18
271 24
284 3
261 40
154 45
8 26
265 19
130 46
107 25
160 43
87 20
268 37
19 2
53 46
111 16
65 23
201 6
274 31
50 39
122 34
199 22
56 28
240 31
137 8
31 50
298 20
114 45
33 22
273 14
104 14
178 28
218 13
202 32
260 42
125 14
153 4
208 35
185 25
91 4
192 20
16 32
235 22
155 45
259 22
51 11
210 38
229 21
6 22
17 44
81 24
46 39
161 42
139 8
99 39
65 49
49 13
180 47
206 6
249 28
160 50
226 12
226 26
195 39
284 35
194 11
49 40
295 35
190 23
253 48
62 3
278 19
94 27
91 50
190 7
164 9
37 15
118 44
243 2
191 38
220 14
289 45
22 48
177 36
116 22
66
176 24
176 48
238 6
75 40
222 19
99 45
149 31
88 19
129 17
299 9
18 14
42 48
104 4
161 3
139 49
212 3
133 15
298 12
119 12
6 7
184 18
10 6
289 16
141 20
193 24
170 35
221 35
194 4
233 9
38 12
44 42
85 30
35 14
244 26
153 42
191 6
51 34
67 7
295 35
154 32
45 4
98 45
232 49
289 28
45 5
235 15
273 4
261 1
101 34
157 42
152 8
287 34
247 9
238 41
258 16
129 1
113 38
267 8
216 43
208 44
280 24
46 42
161 1
257 44
210 19
212 10
54
198 44
107 42
197 8
207 48
175 35
100 17
174 24
15 22
50 46
108 32
18 10
52 4
15 2
232 22
222 49
287 20
250 16
68 25
139 46
134 2
182 39
111 10
75 21
183 21
97 49
15 19
48 11
135 11
75 11
188 50
57 29
114 1
266 31
152 18
154 48
116 6
217 38
90 49
50 46
115 24
261 22
257 2
193 16
68 45
157 43
262 36
129 13
217 16
255 12
198 18
53 2
143 45
238 39
260 48
68
75 22
163 34
87 29
94 30
237 10
33 32
21 41
20 16
160 19
48 38
11 26
279 4
297 42
259 38
208 41
131 47
75 49
182 27
162 46
37 17
33 12
289 9
11 2
145 29
120 32
97 22
47 13
151 8
23 19
271 39
54 17
209 21
94 15
285 43
64 4
53 16
88 7
147 17
48 49
266 28
182 11
295 38
136 25
271 27
253 41
86 1
42 49
132 23
83 20
89 25
136 24
239 38
180 15
20 38
75 48
92 43
46 15
184 30
230 26
37 31
95 21
187 23
115 3
269 33
133 10
42 45
196 47
191 13
22
209 50
139 33
91 16
238 30
277 20
105 22
154 48
225 46
173 10
88 32
30 48
23 15
24 49
280 1
180 9
67 15
54 34
280 24
297 37
19 46
34 21
104 31
36
29 27
281 15
247 29
117 39
193 34
253 31
181 43
62 39
21 25
287 38
129 22
219 8
148 32
79 45
295 44
78 4
123 10
111 12
228 38
299 20
127 42
2 2
206 11
241 38
210 38
148 7
57 11
82 34
258 27
173 42
123 42
275 41
7 15
14 39
11 2
53 23
88
53 24
167 19
83 16
23 2
239 10
66 1
141 45
262 50
140 36
121 15
188 11
94 46
78 5
282 15
78 20
50 22
260 36
241 8
7 44
52 41
22 20
248 27
84 35
160 38
122 47
11 2
44 18
281 20
129 44
208 35
80 43
34 7
172 46
82 30
236 22
122 43
248 12
118 6
277 47
253 17
256 44
107 50
66 15
119 33
48 5
99 22
283 22
166 26
105 41
32 7
79 26
297 5
220 19
56 33
92 2
293 8
271 17
46 6
185 28
229 39
189 5
58 29
158 37
26 44
168 10
3 41
207 50
270 21
114 5
22 34
33 3
249 1
112 49
38 50
157 45
226 8
293 48
216 25
205 40
112 12
295 19
17 34
113 48
27 38
11 8
128 7
60 13
44 29
23
81 28
225 8
91 45
38 13
184 32
277 21
298 8
118 19
65 3
223 9
44 25
59 15
274 17
149 9
142 3
118 37
183 7
266 46
11 1
45 33
190 4
17 32
68 23
100
131 26
221 30
194 12
237 48
41 6
132 15
177 25
206 17
31 41
64 1
256 11
46 25
256 11
165 24
132 50
141 44
148 11
141 7
128 13
24 28
112 26
255 48
3 27
85 6
107 25
33 11
214 13
210 29
141 13
12 46
71 26
233 37
212 12
257 7
148 47
206 43
133 27
245 23
21 5
165 21
177 33
187 15
273 16
257 19
168 45
85 40
119 3
154 5
88 19
69 40
89 46
193 37
134 23
54 26
166 37
278 7
114 28
131 15
259 15
197 21
55 47
64 29
296 36
201 14
26 45
19 19
241 35
35 13
48 15
226 36
5 34
253 20
68 14
201 5
169 17
151 37
78 36
94 13
129 49
156 26
260 29
267 34
83 50
273 22
88 33
41 15
102 49
207 28
76 18
193 41
204 8
166 47
255 44
54 14
251 35
236 36
82 34
111 28
203 14
292 49
94
33 13
83 5
284 42
100 15
142 8
293 31
209 46
138 28
27 37
118 39
157 5
15 10
139 30
260 37
169 42
202 34
27 48
224 2
232 4
100 12
67 16
255 46
65 16
141 15
13 43
23 28
285 6
226 21
213 31
44 14
133 41
280 27
227 34
167 27
227 45
230 49
57 31
265 20
276 18
209 48
62 39
156 8
266 14
168 30
265 35
259 17
154 40
255 14
143 21
237 12
87 28
60 24
51 4
261 5
129 29
14 32
99 28
235 11
248 17
242 36
11 34
10 28
139 44
242 47
85 30
48 29
45 18
13 16
130 46
120 43
142 22
147 40
299 14
4 42
182 41
159 32
145 28
55 48
131 50
263 36
173 2
85 36
116 16
10 41
69 22
201 35
259 8
148 43
127 26
204 2
95 11
198 40
230 42
221 10
82
183 46
119 32
59 6
8 26
44 42
221 29
151 22
129 33
276 15
24 21
290 5
221 9
227 27
281 30
80 7
124 44
14 41
154 12
275 27
223 3
111 24
187 44
271 3
157 42
102 30
73 15
209 49
142 23
151 21
14 39
162 23
192 29
76 8
245 9
204 28
67 3
11 42
273 47
267 22
227 12
10 50
158 37
291 50
53 24
121 11
72 47
199 44
156 46
7 17
23 35
266 15
223 46
40 33
256 1
26 31
74 6
181 39
250 29
228 1
13 8
66 14
29 44
44 31
237 9
281 43
258 42
46 30
222 14
76 30
90 17
59 27
132 40
92 14
109 4
83 20
66 25
202 16
110 41
275 8
293 43
4 42
202 8
44
123 22
205 50
221 1
56 14
135 49
174 36
101 32
297 37
257 24
121 9
252 11
24 50
57 47
299 1
179 8
136 1
178 7
298 17
43 9
181 30
46 9
92 25
245 15
64 34
231 31
250 31
247 46
178 1
250 30
9 22
223 24
129 17
183 21
197 38
179 13
101 38
130 32
68 13
280 22
274 35
15 38
92 44
195 45
262 24
48
270 46
67 19
100 28
294 38
62 37
104 23
20 5
267 35
93 7
190 38
15 17
236 40
189 33
131 27
157 46
2 21
246 11
238 8
231 39
269 49
150 12
130 28
97 16
78 32
136 45
112 25
65 8
85 43
242 36
110 17
188 19
224 23
176 27
177 18
93 25
98 41
216 38
109 2
21 31
200 26
152 2
4 36
57 15
168 50
300 46
95 32
85 3
21 44
60
196 11
270 7
161 35
256 15
19 45
106 34
167 44
55 30
262 45
233 8
136 39
48 19
25 39
195 7
254 26
218 25
217 32
189 13
98 24
162 20
111 45
18 46
227 12
152 32
40 14
236 29
14 48
283 6
217 30
77 29
31 49
20 41
181 35
23 47
51 31
92 27
150 18
136 13
178 48
264 36
71 34
90 14
182 12
118 17
249 33
268 47
187 48
224 11
193 41
43 41
129 23
103 47
240 40
53 20
224 3
34 49
215 21
76 16
194 33
194 24
29
162 20
272 25
43 7
40 48
81 47
115 36
84 16
152 4
144 45
244 27
3 40
73 21
13 28
18 34
62 27
290 37
277 44
69 4
298 18
7 13
89 20
289 29
211 24
191 9
110 23
212 19
71 48
234 14
152 42
95
213 18
274 23
84 40
202 17
233 2
108 2
97 38
298 45
137 23
158 32
247 49
103 10
61 15
289 24
237 40
126 25
46 17
282 22
34 31
230 45
191 6
274 48
263 46
254 17
110 19
289 10
101 15
112 27
176 17
300 19
39 21
260 14
223 41
210 43
125 24
221 3
175 33
2 23
166 43
235 46
65 38
30 28
13 24
24 32
240 4
298 47
147 43
61 12
199 45
26 4
108 41
38 47
139 7
118 1
291 9
276 9
275 1
217 48
145 40
173 14
261 29
62 18
129 20
177 5
89 34
49 33
145 15
177 47
122 49
285 19
47 44
165 4
265 14
7 18
22 30
191 47
49 42
89 30
72 44
202 27
164 42
55 2
34 39
290 26
225 46
265 45
234 22
289 33
211 50
6 39
173 33
212 37
147 50
95 37
263 50
26
127 41
131 23
278 11
124 22
285 17
97 43
31 38
244 38
136 40
232 11
110 22
278 5
273 47
123 32
240 20
266 11
63 16
200 7
156 4
170 24
119 45
95 25
190 7
75 5
274 1
92 14
44
69 19
105 8
233 49
284 9
259 9
113 9
248 25
209 45
20 8
89 48
142 40
174 30
10 33
152 3
288 39
147 10
44 42
101 46
244 14
27 34
133 23
256 14
287 28
50 1
212 23
290 9
73 27
229 14
61 14
96 8
13 40
104 10
191 34
32 23
286 10
37 20
193 49
198 30
156 41
185 11
83 29
118 26
37 8
235 16
42
30 24
137 45
246 32
159 25
221 49
135 47
29 42
169 4
149 8
175 16
233 40
177 18
58 5
142 18
264 40
227 49
80 11
261 4
253 20
173 29
112 1
150 24
257 3
158 18
66 6
199 50
271 13
103 5
105 41
130 12
180 10
61 43
118 4
282 12
141 26
244 42
160 16
90 20
111 41
221 30
276 20
173 42
65
275 46
298 37
103 11
98 27
126 10
275 25
37 8
286 32
288 40
50 14
26 28
190 46
86 11
247 34
237 33
98 36
166 16
129 45
160 38
125 48
279 17
131 3
143 20
204 22
53 42
210 13
117 17
48 34
164 49
106 17
186 34
12 9
297 24
18 26
65 24
141 8
239 45
58 14
86 44
210 23
213 20
215 5
218 44
230 14
254 6
181 24
237 32
189 39
31 35
90 16
46 39
137 48
199 33
64 48
155 46
121 12
92 6
96 2
295 5
90 42
60 45
87 50
161 46
228 32
180 3
95
224 41
121 35
143 3
270 21
168 41
246 39
33 47
29 7
274 9
129 37
112 17
9 18
257 47
35 25
162 9
131 15
294 42
291 23
263 44
262 22
201 35
64 39
187 16
273 27
144 17
83 43
199 15
61 26
72 16
2 39
143 22
18 23
82 2
272 8
266 39
174 28
140 40
100 5
28 12
185 29
174 45
125 12
56 31
226 21
277 38
59 20
58 13
255 23
82 38
181 8
159 9
213 50
290 2
23 3
85 35
188 43
173 2
28 38
196 42
54 29
179 19
290 40
185 41
74 45
170 43
13 5
8 38
25 50
236 8
13 4
252 34
276 21
211 1
51 18
254 18
277 22
214 45
68 17
210 24
64 13
93 13
10
